637 -4351
-856 1479
-4573 1232
-505 854
2706 2986
2804 -1590
-702 -3508
3432 1973
-249 2010
-1046 993
4378 2381
-4962 -1060
3569 -1112
3577 3363
4065 -1434
-64 -1654
-4838 -3038
2829 -1226
2177 659
-4925 -3225
-3445 -1919
-2935 3254
-412 -840
850 -1226
3856 3592
-690 4186
-2311 -2538
-1783 2579
-441 3028
-4287 -476
941 3015
-2747 1124
-2032 2346
3416 -3329
-525 -2497
-3067 -246
2269 -4291
1725 3457
-4964 2171
-1285 783
-989 3271
-567 1800
2015 -909
-4100 -2282
4487 -1316
4489 1295
98 -4295
3531 271
3554 349
-4499 4983
-1986 3336
4001 -126
3149 -1280
-2429 1104
-4370 -553
1944 497
4661 -710
-1072 -2433
704 -1066
-1814 1256
4551 -2825
2471 1367
1570 3390
1718 2078
-1788 -3154
2863 2962
1237 3251
4091 2147
-2018 463
2416 2839
1501 1138
-325 2514
3193 1862
4934 1107
1631 3621
-183 3790
3546 4711
1564 -1823
3282 -3749
-341 -1354
1355 -1087
-4142 2884
-2914 -1998
-4057 1602
-4956 -243
2680 3658
-1889 -945
1449 3765
3523 -2498
448 3416
1169 -1294
2828 -2501
-1259 193
-2081 -1518
-2059 -1419
2780 -2198
2474 2188
-229 -2319
-4133 4635
-2870 306
3540 -4048
3150 2972
-2394 707
103 -4321
4184 343
2625 1218
-3045 -4061
-3898 3235
-3013 88
2945 -1220
3377 -4801
3598 3838
1093 1777
3934 -4483
1617 113
582 1800
-3807 905
-2314 4899
-1002 3616
2391 83
1002 -1963
-1698 -2715
1278 -277
4333 4043
4656 -479
-967 1748
1656 -3635
-2026 -1433
-4944 3828
2750 2188
276 2616
-4784 -3609
2927 3759
677 -4590
3573 -2836
926 2437
4159 2748
2202 309
-2127 3103
4820 -362
-1240 -1312
-376 1390
1647 -2397
-4522 1304
-1024 -1109
-3457 -2366
4183 309
-4003 339
4754 -3724
-2321 1004
1813 -1511
4785 -2134
-37 -3265
4250 3573
2151 4017
-4561 153
4471 -3575
2101 4270
362 4245
163 4582
-2504 -2185
790 402
-2960 -342
3631 2257
-4897 -3619
-4953 598
-1732 4973
-1406 3701
1873 451
-1375 -4933
3763 4598
3154 2599
-3342 -2785
-3902 2984
444 -2632
4498 2564
-340 -2561
-2249 -254
-2111 -4307
-885 -4844
2297 -4899
3218 2453
3468 -1109
2183 -4357
-924 -4085
-1724 -2791
-4550 2627
1120 1060
-4884 2646
1667 2064
2794 -962
3701 2358
673 -1883
2021 2020
4623 992
-330 -3343
420 4281
-3725 2683
1897 -2169
594 -385
-2981 2732
-4233 724
560 491
-4737 1621
986 -2748
3005 -3751
4521 -3059
-3102 1681
-2406 4558
-1515 -4211
-1603 -1623
4242 4843
4853 1477
-1186 -4019
-2983 -10
4537 -4650
3591 3034
-1364 961
4968 -4510
1330 4541
-3009 1499
1203 3769
-4454 -616
-4980 -584
-1221 3918
-3110 2865
-2431 -2261
-4316 -426
1727 -4380
41 -3025
3278 -3014
1199 1075
-2594 -2824
-2550 -830
4151 -3300
477 4689
3327 -833
3259 -2478
-4860 -3965
3766 768
904 -1736
-3879 -2764
-4883 3995
-1967 1207
2054 -4853
2325 -667
2493 3449
-4377 4650
1603 251
1059 828
1826 -4115
-2780 -524
2782 -2714
1174 4922
-1014 802
4134 -3876
1494 3233
4149 -1014
2198 -949
-3189 -639
718 -2034
-167 -4493
1658 -3178
-2137 1088
4330 -2537
4684 -1085
1979 2266
-1381 -3318
1632 -4014
3674 -2605
-2193 -2262
-113 -2656
3624 237
2275 -2009
3168 -2399
3496 2745
12 4832
3367 -371
2425 2997
-3087 -1592
3000 -1440
-1272 -358
-4826 -3259
-4298 -3864
-1174 919
2475 434
3144 1789
-4700 -2367
2482 -3377
-3194 3423
2270 3407
-517 4434
4515 -154
3523 -3546
1213 -2294
1499 -2826
-320 185
2171 -1321
-1751 -3548
-4567 -3054
815 -885
-596 4123
-3687 1761
-4741 -4686
1401 1276
4211 326
-4554 4827
-505 4561
3223 836
4530 -60
-1861 -1799
-2360 127
3910 -1770
-4934 -2067
-4426 -4038
1145 4682
-604 224
4434 690
-4539 1641
3047 -2456
-3904 2631
2638 -2465
2858 -3768
978 3993
2077 -2195
-2665 3273
-713 -2010
-708 -3561
-1457 3517
73 127
2770 -2165
-4728 598
-341 -4198
1856 -293
-4062 -4919
-2469 1446
-805 -2331
-3782 2544
2895 3258
2927 -1874
4680 -1562
1623 4891
-4779 -4490
-3157 3360
-2531 4768
-4325 -3357
2929 -2740
-3781 -3670
-4582 2911
74 -1446
-4206 133
1005 -4688
1342 -1270
1019 -3109
-2167 3014
-239 -4812
-228 -3741
1542 -1348
-4584 -3204
-1448 1552
3670 -4141
-1307 -1317
-4714 -4065
-4490 -2199
-2299 -1423
4950 4179
266 1601
-4656 -69
-4834 3066
-1626 4854
-1733 -2
3694 -4271
-3107 -3209
-2345 -2703
-2826 204
793 3211
94 -1524
3754 -3828
871 4601
957 -1737
4110 -476
-410 937
-499 2
-2936 -4614
-3234 2232
-145 771
-2678 1448
1321 -1626
-2144 1783
-1042 3710
4097 -1222
1361 356
-4681 -19
-3345 -4613
3430 4831
4709 537
3147 -2770
-4194 -2846
-2031 -3622
-1063 -2014
