//  Input-size	         Ratio
            10	      104.5781
            20	        5.7749
            30	        1.9895
            40	        1.2131
            50	       14.2382
            60	        0.8996
            70	        0.8003
            80	        0.6076
            90	        0.7013
           100	        0.5928
           110	        0.6769
           120	        1.2411
           130	        1.1205
           140	        0.6721
           150	        3.3715
           160	        1.3903
           170	        9.3771
           180	        2.5547
           190	        1.3441
           200	        2.8434
Sorted ratios are:
    0.5928, 0.6076, 0.6721, 0.6769, 0.7013, 
    0.8003, 0.8996, 1.1205, 1.2131, 1.2411, 
    1.3441, 1.3903, 1.9895, 2.5547, 2.8434, 
    3.3715, 5.7749, 9.3771, 14.2382, 104.5781
Truncated maximum ratio is:         0.6721
Truncated average ratio is:         0.6242
Ratio index threshold is:             2
